%YAML:1.0
---
K: !!opencv-matrix
   rows: 3
   cols: 3
   dt: d
   data: [ 1.4322633592400507e+03, 0., 9.3080780372778281e+02, 0.,
       1.4331611257555735e+03, 5.8964660242953141e+02, 0., 0., 1. ]
D: !!opencv-matrix
   rows: 5
   cols: 1
   dt: d
   data: [ -8.1859762319607537e-02, -7.1403212208519296e-01,
       -7.8784974567063689e-07, -9.7859309528379543e-04,
       9.9210594651890371e+00 ]
