%YAML:1.0
---
K: !!opencv-matrix
   rows: 3
   cols: 3
   dt: d
   data: [ 1.4322416304584781e+03, 0., 9.3097240717431134e+02, 0.,
       1.4332949188154248e+03, 5.8667870371387687e+02, 0., 0., 1. ]
D: !!opencv-matrix
   rows: 5
   cols: 1
   dt: d
   data: [ -1.0893075101912197e-01, 1.6658851391310911e-01,
       -4.3356460317068912e-04, -1.0647676984299884e-03,
       1.6622761911237888e-01 ]
