%YAML:1.0
---
K: !!opencv-matrix
   rows: 3
   cols: 3
   dt: d
   data: [ 5.0108325761489687e+03, 0., 1.4367104733704193e+03, 0.,
       5.0074661137512112e+03, 1.0594672195564401e+03, 0., 0., 1. ]
D: !!opencv-matrix
   rows: 5
   cols: 1
   dt: d
   data: [ -1.0637194686419484e-01, 9.4041614243985022e-02,
       -9.6809977305976436e-04, -6.5012542285209935e-04,
       4.9230787995635890e+00 ]
