%YAML:1.0
---
K: !!opencv-matrix
   rows: 3
   cols: 3
   dt: d
   data: [ 5.0205806979503232e+03, 0., 1.4572614912676261e+03, 0.,
       5.0220569429346297e+03, 1.0753691475514102e+03, 0., 0., 1. ]
D: !!opencv-matrix
   rows: 5
   cols: 1
   dt: d
   data: [ -1.3503813872484643e-01, 5.8101494518368424e-01,
       -8.8647966222817672e-04, 6.2435826876870465e-04,
       1.8272623834507751e+01 ]
