%YAML:1.0
---
K: !!opencv-matrix
   rows: 3
   cols: 3
   dt: d
   data: [ 1.4354728936094807e+03, 0., 9.3210565073734028e+02, 0.,
       1.4362904810822240e+03, 5.8630430105425239e+02, 0., 0., 1. ]
D: !!opencv-matrix
   rows: 5
   cols: 1
   dt: d
   data: [ -9.7139866755227178e-02, -4.9656300670479651e-02,
       -4.7497234857506659e-04, -7.5360006714709485e-04,
       1.3331482773986207e+00 ]
