%YAML:1.0
---
K1: !!opencv-matrix
   rows: 4
   cols: 4
   dt: d
   data: [ 9.9354403048648865e-01, 6.2162046761026879e-02,
       -9.4900681910845261e-02, 1.1100144936916199e+03,
       1.1125903746351545e-01, -6.9740370902423199e-01,
       7.0798975502611350e-01, -3.4532569618982689e+02,
       -2.2173995295291085e-02, -7.1397755327581847e-01,
       -6.9981738142955563e-01, 1.6623498798433647e+02, 0., 0., 0., 1. ]
