%YAML:1.0
---
K1: !!opencv-matrix
   rows: 4
   cols: 4
   dt: d
   data: [ 9.9078582364403389e-01, 8.5737605189346033e-02,
       -1.0484519408351220e-01, 1.0749868801037810e+03,
       1.3493205807911240e-01, -6.9171287955362692e-01,
       7.0945516557578514e-01, -4.9686274209636667e+02,
       -1.1695784221186313e-02, -7.1706509838091093e-01,
       -6.9690806661669935e-01, 1.6629473267711208e+02, 0., 0., 0., 1. ]
