%YAML:1.0
---
K1: !!opencv-matrix
   rows: 4
   cols: 4
   dt: d
   data: [ -9.6287182828888240e-01, 1.6964989168088612e-02,
       -2.6942537265475069e-01, 1.7361908003337194e+02,
       -5.0027849803858895e-02, -9.9194998667218803e-01,
       1.1632900835581815e-01, 6.3012187165255984e-01,
       -2.6528297444733834e-01, 1.2548869703511989e-01,
       9.5596941916820788e-01, -1.8425927358776718e+02, 0., 0., 0., 1. ]
