%YAML:1.0
---
K1: !!opencv-matrix
   rows: 4
   cols: 4
   dt: d
   data: [ 9.9672376631201920e-01, 5.2843032246944407e-02,
       6.1231916609981743e-02, -1.0320353942558316e+02,
       -5.0969596805637590e-02, 9.9819491045301656e-01,
       -3.1765090070156300e-02, 2.0081205463780371e+01,
       -6.2799951196271658e-02, 2.8540054110719516e-02,
       9.9761797870783342e-01, -2.9526538805646317e+02, 0., 0., 0., 1. ]
