%YAML:1.0
---
K1: !!opencv-matrix
   rows: 4
   cols: 4
   dt: d
   data: [ -9.1014122859005520e-01, -9.1439954017762559e-02,
       -4.0408127750468065e-01, 1.8494769313449476e+02,
       8.8201710324166765e-02, -9.9574566191996883e-01,
       2.6665240734996432e-02, -1.1593992177158514e+01,
       -4.0480044752504535e-01, -1.1371524822687844e-02,
       9.1433434043938766e-01, -1.5741144378802954e+02, 0., 0., 0., 1. ]
