%YAML:1.0
---
P: !!opencv-matrix
   rows: 3
   cols: 1
   dt: d
   data: [ -1.8563410214937235e+01, 7.2363290416222348e-01,
       -4.1458161671232762e+02 ]
