%YAML:1.0
---
P: !!opencv-matrix
   rows: 3
   cols: 1
   dt: d
   data: [ -9.2376770549214456e-03, 6.0776215532047555e+00,
       7.2873461987617429e+02 ]
