%YAML:1.0
---
P: !!opencv-matrix
   rows: 3
   cols: 1
   dt: d
   data: [ 4.6932029952478416e+01, -8.6924003787598458e-01,
       2.2274809979987876e+03 ]
