%YAML:1.0
---
P: !!opencv-matrix
   rows: 3
   cols: 1
   dt: d
   data: [ -1.8799624031808868e+00, 2.6374865350539288e+01,
       1.0659784557134860e+03 ]
