%YAML:1.0
---
P: !!opencv-matrix
   rows: 3
   cols: 1
   dt: d
   data: [ 2.0414439395302779e+01, 3.1356861610488573e-01,
       9.5869277099001340e+02 ]
