%YAML:1.0
---
K1: !!opencv-matrix
   rows: 16
   cols: 3
   dt: d
   data: [ 9.0000199999999995e+02, -3.0998999999999999e+01, -150., 862.,
       -3.0997000000000000e+01, -1.5249799999999999e+02,
       8.5999900000000002e+02, -1.2799900000000000e+02,
       -1.5220300000000000e+02, 8.9999300000000005e+02,
       -1.2860200000000000e+02, -1.6500500000000000e+02,
       8.9499800000000005e+02, -1.2799100000000000e+02,
       -1.6500100000000000e+02, 947., -48., -1.5000100000000000e+02,
       9.6200099999999998e+02, 1.5349700000000001e+02,
       -1.2999400000000000e+02, 9.1000300000000004e+02,
       1.6549400000000000e+02, -1.2499299999999999e+02,
       8.5900400000000002e+02, 1.6000200000000001e+02,
       -1.4059600000000000e+02, 8.8000300000000004e+02,
       5.2999000000000002e+01, -1.3999799999999999e+02,
       8.6900400000000002e+02, -45., -1.4499700000000001e+02,
       8.9300400000000002e+02, -1.4997999999999999e+01,
       -1.4999600000000001e+02, 8.7000500000000000e+02, 70.,
       -1.5349799999999999e+02, 9.1200300000000004e+02, -86.,
       -1.5300100000000000e+02, 8.6999800000000005e+02,
       -7.9969999999999999e+00, -1.7000200000000001e+02,
       9.7999699999999996e+02, -3.1007000000000001e+01,
       -1.7000299999999999e+02 ]
