%YAML:1.0
---
K1: !!opencv-matrix
   rows: 16
   cols: 3
   dt: d
   data: [ 7.8000500000000000e+02, 2.2600399999999999e+02,
       -1.5649600000000001e+02, 7.6639499999999998e+02,
       2.0895900000000000e+02, -2.6049700000000001e+02,
       7.8634799999999996e+02, 2.1986000000000001e+02,
       -2.9271400000000000e+02, 8.0590800000000002e+02,
       2.1855000000000001e+02, -9.8296000000000006e+01,
       8.2388800000000003e+02, 2.1406600000000000e+02,
       -6.6855999999999995e+01, 8.0084799999999996e+02,
       2.2999500000000000e+02, -2.0850999999999999e+02,
       8.0065300000000002e+02, 2.2935300000000001e+02,
       -2.4546799999999999e+02, 8.0056399999999996e+02, 225.,
       -2.7569999999999999e+02, 8.0049900000000002e+02,
       2.5499900000000000e+02, -1.6059899999999999e+02,
       8.1750000000000000e+02, 2.3471899999999999e+02,
       -8.7596000000000004e+01, 7.4820000000000005e+02,
       1.4990199999999999e+02, -9.9006000000000000e+01,
       7.4200400000000002e+02, 7.2001000000000005e+01,
       -1.1799500000000000e+02, 7.3400199999999995e+02,
       1.2600100000000000e+02, -1.8250100000000000e+02,
       7.5400099999999998e+02, 1.3300399999999999e+02,
       -7.7495999999999995e+01, 7.7900199999999995e+02, 138.,
       -6.5001999999999995e+01, 7.2399199999999996e+02,
       1.4300500000000000e+02, -1.8146299999999999e+02 ]
