%YAML:1.0
---
K1: !!opencv-matrix
   rows: 4
   cols: 4
   dt: d
   data: [ -8.9865755879080844e-01, -8.8758166066668823e-02,
       -4.2957721073705352e-01, 1.8869262769878767e+02,
       9.1519415424510905e-02, -9.9570097754657871e-01,
       1.4274449661679806e-02, -1.5299299138467635e+01,
       -4.2899742263619839e-01, -2.6486813120299612e-02,
       9.0291730524020264e-01, -1.6848050991901428e+02, 0., 0., 0., 1. ]
